NYPD,9682287,3.4,99.01,0.64,0.35
HPD,4364741,338.85,11.59,28.31,60.11
DSNY,2417308,113.41,23.05,37.98,38.97
DOT,1086468,230.98,34.78,17.36,47.86
DEP,1084023,93.93,50.85,20.94,28.21
DPR,540852,656.48,23.26,12.70,64.04
DOB,518241,709.52,17.56,13.20,69.25
DOHMH,248115,556.15,27.71,20.59,51.71
DHS,235896,64.84,76.56,9.33,14.10
TLC,141143,1207.19,13.97,10.77,75.26
DCWP,119132,245.53,32.80,32.11,35.09
EDC,85366,1154.03,1.92,0.22,97.86
OSE,69837,246.88,52.73,10.66,36.61
DCA,25328,227.98,36.60,39.99,23.41
DOE,7316,692.07,25.49,14.17,60.33
OOS,3696,1107.71,1.52,1.30,97.19
OTI,792,343.56,7.95,10.10,81.94
DOITT,388,625.9,9.28,10.05,80.67
NYC311-PRD,367,138.96,32.43,34.33,33.24
