2020,1,174052
2020,2,154243
2020,3,161118
2020,4,140054
2020,5,206975
2020,6,278864
2020,7,279758
2020,8,305734
2020,9,260482
2020,10,245397
2020,11,216740
2020,12,214780
2021,1,212711
2021,2,178800
2021,3,224030
2021,4,216781
2021,5,246811
2021,6,268377
2021,7,270913
2021,8,252938
2021,9,287038
2021,10,281661
2021,11,247263
2021,12,227949
2022,1,258775
2022,2,222004
2022,3,227058
2022,4,211592
2022,5,246972
2022,6,240590
2022,7,261437
2022,8,234840
2022,9,244632
2022,10,242184
2022,11,226414
2022,12,243367
2023,1,224821
2023,2,206513
2023,3,230702
2023,4,226391
2023,5,256142
2023,6,243238
2023,7,259885
2023,8,255240
2023,9,256802
2023,10,276772
2023,11,257901
2023,12,250504
2024,1,271428
2024,2,225529
2024,3,246711
2024,4,242270
2024,5,257553
2024,6,274528
2024,7,271483
2024,8,261209
2024,9,286263
2024,10,285912
2024,11,274679
2024,12,298310
2025,1,332579
2025,2,239805
2025,3,263537
2025,4,253033
2025,5,274477
2025,6,277033
2025,7,290891
2025,8,284114
2025,9,283849
2025,10,314752
2025,11,291196
2025,12,316876
2026,1,330979
2026,2,311329
2026,3,305216
2026,4,277270
2026,5,307629
2026,6,308218
2026,7,304713
2026,8,292039
2026,9,217641
